$ANSIBLE_VAULT;1.1;AES256
34336133306137333636396237656237613030623533336632303936383237336336316635666534
3739643638643435363061626431376432363339623537380a343235363864653234663838303531
39636635336633316530666635323230613737653965326163333463633430653163363665346138
6664306435303936640a616261356332373335653135613639306333393039306531356165313664
65616434303166666463336237376634363838656338323039313736613432393937353737346335
38623331646634306663653562333533333665663762386362666362663464363735663839366664
63393565346562353235306437626632666230633137393036663334313066393261373161313566
30393733613530623937646630353766666562373039613962666531656464666436666230336236
36653562633938363632303231656266303737386335373531613563656332323133363632646232
37393031373863306130643132366134356538653439646338376133396439383238623134323832
63333764363261313737613634643332393265353731643732656266616166326137653338376131
36633265623762663561646536316365306431393561643534316661383338613334373662366432
30353063333438343235323065346331306233343166623832313139656631656432316635306237
64383434376165333162323439663335356535383638336439373162326433303632373562613739
64353830643762393832343564366337623532383464303431383336653233633831326166626135
63666361356565633130
