$ANSIBLE_VAULT;1.1;AES256
32316233386436623736363238633039653561646462653764306433383866313333356431396532
3236646136633534356539393664363061313637666531660a616338353431316137356165303561
31666238323464363531643865373137396231666266303838383265633133326563363539323265
3738366336383031640a366530323337383966653062666365623238626239343733346638623831
36393334303931633038613633616530643532633165366461613932626130336531373035656161
63613932333339366666373664666630363336326233393933313235346163653734386363623964
31373133623065376138333662386664303863313439333130363435636464343334643462306363
65626135323735343034633466353939303737346330663862656335316130303439633635636236
63316432303833623633643030623935316236326535633361316239393362663835353534633233
34643738666233303731653565363634653662613031346562333535343436343665393433656232
65656161666466373464363063633661343862313339643730653235343330656530313633633361
31303838303631613436323666346530626539366464633237383463626531316535663334343336
63613965633239356531363266333936393637623530353832376331353637316464333739313039
34343439313662623136363131333937353636373962353664633439333734633332353964633863
31623261643235643961666566653866636536313632366236663962396464623430616138643563
65663234633035613863376361373830343030346233383039336664303336663130333234366266
38396534393338383130623333616264626138383931376534373230633530333063663936653965
33366138636531376361643562326232383631303162303861353964633639393438643333313566
38363766613061383035356331316534656162353632306632656435303365666438313665666134
39313465396132393435373462666339393263366562353631353237393330643062616132316566
38316437666364666336633362366538646334663933663433336237373035356261643661633737
30643337333562363563393136353065656466376331646436613762316564636566623630623763
32316137386435386534623066616439333162386365343937666138646263313765313133656562
65633632396330323231343434326630643635376635393230346264396133356364663637326535
64616163376532306166366430383661353864613130353130633662626138313464633037663338
32326534386336343466613134363564393561386239303333663033386338326365376265656331
36303634613666353938643334323938393339646163383332366263336264346532376234313562
39346133343561383566366634376463646563313861326630613433383961376130633933656562
30323863393435653731386337626636386364653831633331316362663437626332333436313463
37313839346161333531366165313737333663303463663933373466633437326463306366393730
38623562333435373334666430333762616230383662303862633231623131313830316364613063
62353234313435323433386335383738323033386139346633663130663237363938376538363032
33646261303539326563386435356537386232626361376566623532383435616365313338646331
66323638333039613030626261613330323965363361626162363463633661616133363038626533
30333063373563383933616634383730353637313161383536383862636364303564343036356330
33643162326439636433313338653065613335383964373431333364346534346533376435653664
65646237393264393866613465363463363533666332303736666434646163383437633261383037
39396533353734386638303037363232616336303839666265653839333235613139316231353531
30363063333637396264336561663762653063336231333934386461333932393762373661393139
35323662326137396361643761383531383835656537656533343462663761616633343232386431
66326537616561663435353963633465306462313137333438666633323363386130353164653130
37363439613134356666383662396135393565613333663432656261313531303164653736373961
62356139306130303138636332663930616661353964346130666138373363656134356465376363
62633335366433633463343265326362393766613438623462616230306164623966333861623266
31306532633430643532356439356232333731623063623032616138623635316632333635323561
3861303763666263366432613563313935326364656132386334
